75.200000
74.200000
74.200000
70.300000
69.800000
69.800000
67.000000
64.900000
63.900000
63.400000
62.500000
60.000000
60.000000
58.600000
58.600000
58.600000
58.600000
57.100000
57.100000
57.100000
57.100000
55.900000
55.900000
54.100000
54.100000
54.100000
52.700000
52.700000
51.700000
51.700000
50.000000
50.000000
48.900000
48.900000
48.800000
48.300000
46.800000
46.800000
44.600000
44.600000
44.600000
44.100000
44.100000
44.100000
44.100000
44.100000
43.100000
43.100000
43.100000
43.100000
42.900000
42.700000
42.100000
42.000000
41.500000
41.500000
41.400000
40.800000
40.200000
40.000000
39.800000
39.700000
39.700000
39.200000
39.200000
39.200000
38.800000
38.800000
38.800000
38.700000
38.700000
38.700000
38.700000
38.700000
38.700000
38.700000
38.700000
38.700000
38.700000
38.700000
38.700000
38.700000
38.700000
38.700000
38.700000
38.700000
38.700000
38.700000
38.700000
38.700000
38.700000
38.700000
38.700000
38.700000
38.700000
38.700000
38.700000
38.700000
38.700000
38.700000
