#Formato: id latitude longitude

0 -22.0225684 -47.8935572
1 -22.0216459 -47.8935913
2 -22.020353 -47.8896861
3 -22.0188708 -47.8904666
4 -22.0187859 -47.8907065
5 -22.0112485 -47.8874908
6 -22.005942 -47.8899639
7 -22.014949 -47.8799198
8 -22.01342 -47.875165
9 -22.003704 -47.8961553
10 -22.0020226 -47.8961598
11 -22.0065258 -47.8954227
12 -22.0087313 -47.8982568
13 -22.0065258 -47.8954227
14 -22.006938 -47.8940872
15 -22.0305219 -47.901831
16 -22.0151556 -47.8937384
17 -22.0190347 -47.8927422
18 -22.0107905 -47.914593
19 -21.9978941 -47.9125353
20 -21.9988367 -47.9114438
21 -21.9990089 -47.9099428
22 -22.0281409 -47.9093768
23 -21.9990438 -47.8997179
24 -21.9860073 -47.8843262
